2.7175,1.9918,2.8932,4.1896,1.0785,1.6395,0.90474,1.749,1.9503,1.9926,1.9918,1.5961,2.427,0.56832,1.9942,1.9688,2.3765,1.9489,3.2707,5.8842,3.7403,1.7313,0.27106,0.12731,1.7223,1.9635,1.9992,1.9918,0.36309,0.65374,1.9732,1.9918,1.9475,4.6196,1.9936,1.9818,33.761,0.044872,0.044859,0.085956,1.9918,1.9918,1.9918,1.9918,1.9918,1.9918,1.9918,19.918
2.6888,1.9918,2.8104,4.0208,1.1,1.6518,0.9394,1.7574,1.9516,1.9926,1.9918,1.6076,2.4135,0.69693,1.9942,1.9738,2.3653,1.9502,3.206,5.6359,3.5874,1.7376,0.28799,0.13418,1.7302,1.9643,1.999,1.9918,0.38282,0.74749,1.9737,1.9918,1.9472,3.991,1.9936,1.9833,28.511,0.047746,0.047733,0.088247,1.9918,1.9918,1.9918,1.9918,1.9918,1.9918,1.9918,15.821
2.6544,1.9918,2.7221,3.8342,1.1274,1.6672,0.98376,1.7678,1.9532,1.9926,1.9918,1.622,2.3964,0.84287,1.9941,1.9778,2.3509,1.9519,3.1291,5.3471,3.4157,1.746,0.3135,0.14875,1.7401,1.9652,1.9987,1.9918,0.41114,0.85002,1.9744,1.9918,1.9471,3.5664,1.9935,1.9847,23.626,0.051596,0.051633,0.09144,1.9918,1.9918,1.9918,1.9918,1.9918,1.9918,1.9918,12.567
2.6117,1.9918,2.6285,3.6285,1.1681,1.6859,1.0398,1.7805,1.9552,1.9925,1.9918,1.6401,2.3749,1.0024,1.994,1.9811,2.3328,1.9541,3.0376,5.0216,3.2258,1.7559,0.35295,0.17937,1.7525,1.9664,1.9985,1.9918,0.45229,0.9629,1.9753,1.9918,1.9472,3.2844,1.9934,1.986,19.191,0.057566,0.058533,0.096049,1.9918,1.9918,1.9918,1.9918,1.9918,1.9918,1.9918,9.9824
2.5602,1.9918,2.5321,3.4056,1.2228,1.709,1.1101,1.7965,1.9576,1.9925,1.9918,1.6635,2.3482,1.1685,1.9938,1.9838,2.3102,1.9567,2.9314,4.6511,3.0257,1.7689,0.41661,0.24279,1.7681,1.968,1.9981,1.9918,0.51584,1.087,1.9764,1.9918,1.9482,3.0726,1.9933,1.9872,15.276,0.069539,0.077624,0.10309,1.9918,1.9918,1.9918,1.9918,1.9918,1.9918,1.9918,7.9293
2.4981,1.9918,2.4338,3.1699,1.2932,1.7377,1.1985,1.8158,1.9607,1.9924,1.9918,1.6923,2.315,1.3338,1.9936,1.986,2.2818,1.96,2.8088,4.2446,2.8195,1.7854,0.5178,0.36269,1.7877,1.97,1.9975,1.9918,0.61213,1.2208,1.9778,1.9918,1.9505,2.883,1.9932,1.9883,11.886,0.10479,0.14126,0.11501,1.9918,1.9918,1.9918,1.9918,1.9918,1.9918,1.9918,6.2985
2.4241,1.9918,2.3363,2.9262,1.3834,1.7721,1.3074,1.8394,1.9645,1.9923,1.9918,1.7289,2.2738,1.4921,1.9934,1.9877,2.2462,1.964,2.6701,3.809,2.615,1.8065,0.67513,0.55749,1.8122,1.9726,1.9967,1.9918,0.75762,1.3624,1.9796,1.9918,1.955,2.6995,1.993,1.9892,9.022,0.21845,0.30704,0.13987,1.9918,1.9918,1.9918,1.9918,1.9918,1.9918,1.9918,5.0031
2.337,1.9918,2.2413,2.6801,1.4965,1.814,1.4408,1.868,1.9693,1.9922,1.9918,1.7747,2.223,1.6391,1.9931,1.9891,2.2019,1.9691,2.5173,3.3534,2.4222,1.8347,0.90213,0.8294,1.8432,1.976,1.9958,1.9918,0.96788,1.511,1.9817,1.9918,1.9624,2.5182,1.9928,1.99,6.6642,0.49147,0.60489,0.21109,1.9918,1.9918,1.9918,1.9918,1.9918,1.9918,1.9918,3.9741
2.2361,1.9918,2.1512,2.4374,1.6341,1.8642,1.5995,1.9025,1.9753,1.9921,1.9918,1.832,2.1606,1.7719,1.9928,1.9902,2.1463,1.9752,2.3515,2.8905,2.2485,1.8716,1.2038,1.168,1.882,1.98,1.9947,1.9918,1.2488,1.666,1.9844,1.9918,1.9732,2.3397,1.9925,1.9907,4.7402,0.92925,1.0061,0.44974,1.9918,1.9918,1.9918,1.9918,1.9918,1.9918,1.9918,3.1567
2.1209,1.9918,2.0675,2.2063,1.799,1.923,1.784,1.9434,1.9827,1.992,1.9918,1.9034,2.084,1.8895,1.9923,1.9911,2.0772,1.9827,2.1753,2.4325,2.1032,1.9225,1.5712,1.5595,1.9307,1.9852,1.9933,1.9918,1.5951,1.8262,1.9877,1.9918,1.9851,2.1641,1.9922,1.9913,3.206,1.4508,1.4763,1.0512,1.9918,1.9918,1.9918,1.9918,1.9918,1.9918,1.9918,2.5075
1.9918,1.9918,1.9918,1.9918,1.9918,1.9918,1.9918,1.9918,1.9918,1.9918,1.9918,1.9918,1.9918,1.9918,1.9918,1.9918,1.9918,1.9918,1.9918,1.9918,1.9918,1.9918,1.9918,1.9918,1.9918,1.9918,1.9918,1.9918,1.9918,1.9918,1.9918,1.9918,1.9918,1.9918,1.9918,1.9918,1.9918,1.9918,1.9918,1.9918,1.9918,1.9918,1.9918,1.9918,1.9918,1.9918,1.9918,1.9918
1.85,1.9918,1.9243,1.7993,2.211,2.0699,2.2169,2.048,2.0029,1.9915,1.9918,2.1003,1.8807,2.079,1.9911,1.9923,1.8866,2.0026,1.8048,1.5802,1.9134,2.0859,2.4478,2.4517,2.0671,1.9997,1.9894,1.9918,2.423,2.1626,1.9965,1.9918,1.9825,1.8226,1.9912,1.9922,1.0573,2.5206,2.5339,3.2072,1.9918,1.9917,1.9918,1.9918,1.9918,1.9918,1.9918,1.5821
1.6978,1.9918,1.8659,1.6328,2.4541,2.1574,2.4538,2.1118,2.0166,1.9912,1.9918,2.2319,1.7497,2.1529,1.9902,1.9928,1.7585,2.0156,1.6188,1.2152,1.863,2.212,2.9283,2.9289,2.161,2.0099,1.9868,1.9918,2.8754,2.3393,2.0024,1.9918,1.9564,1.6572,1.9906,1.9925,0.42366,3.0222,3.0863,4.7823,1.9918,1.9909,1.9918,1.9918,1.9918,1.9918,1.9918,1.2567
1.538,1.9918,1.8156,1.4932,2.7183,2.2529,2.6924,2.1844,2.033,1.9908,1.9918,2.3885,1.5971,2.2143,1.989,1.9931,1.6049,2.0307,1.4371,0.91051,1.8319,2.3761,3.4206,3.4127,2.2774,2.0228,1.9833,1.9918,3.3388,2.522,2.0093,1.9918,1.9499,1.4957,1.9897,1.9927,0.14093,3.485,3.6328,6.7621,1.9918,1.9927,1.9918,1.9918,1.9918,1.9918,1.9918,0.99824
1.3746,1.9918,1.7733,1.3798,2.9978,2.3555,2.925,2.2653,2.0532,1.9903,1.9918,2.5706,1.4233,2.265,1.9876,1.9934,1.4257,2.0482,1.2627,0.67632,1.8102,2.584,3.9122,3.8935,2.4198,2.0389,1.9791,1.9918,3.8006,2.7125,2.0173,1.9918,1.9864,1.3392,1.9887,1.993,0.07107,3.9041,4.1604,9.1791,1.9918,2.0134,1.9918,1.9918,1.9918,1.9918,1.9918,0.79293
1.2117,1.9918,1.7381,1.2908,3.2861,2.4624,3.1454,2.3534,2.0769,1.9896,1.9918,2.7774,1.2315,2.307,1.9858,1.9936,1.2245,2.0679,1.0971,0.51065,1.7923,2.8363,4.3883,4.3586,2.5935,2.0593,1.9734,1.9918,4.2422,2.9111,2.0262,1.9918,1.9663,1.1888,1.9873,1.9931,0.055784,4.2766,4.6521,12.089,1.9918,2.0218,1.9918,1.9918,1.9918,1.9918,1.9918,0.62985
1.0527,1.9918,1.7089,1.2235,3.5776,2.5715,3.3463,2.448,2.1049,1.9888,1.9918,3.0049,1.0278,2.341,1.9836,1.9938,1.0119,2.09,0.94344,0.40111,1.7768,3.1311,4.8378,4.7999,2.8025,2.0852,1.9667,1.9918,4.6591,3.1193,2.0357,1.9918,1.9701,1.0451,1.9856,1.9933,0.049762,4.5998,5.1036,15.451,1.9918,2.0226,1.9918,1.9918,1.9918,1.9918,1.9918,0.50031
0.90158,1.9918,1.6854,1.175,3.8666,2.681,3.5247,2.5476,2.138,1.9878,1.9918,3.2485,0.82357,2.3687,1.9808,1.994,0.80532,2.1141,0.80229,0.33006,1.7632,3.4635,5.2509,5.2095,3.0485,2.1174,1.9582,1.9918,5.0391,3.3397,2.0457,1.9918,1.9539,0.90963,1.9835,1.9934,0.046114,4.8788,5.5061,19.128,1.9918,2.0226,1.9918,1.9918,1.9918,1.9918,1.9918,0.39741
0.76126,1.9918,1.6663,1.1407,4.1447,2.7886,3.6804,2.6518,2.1757,1.9865,1.9918,3.5027,0.63027,2.3911,1.9773,1.9941,0.62796,2.1398,0.67497,0.28433,1.7513,3.8203,5.6218,5.5811,3.3338,2.1583,1.9473,1.9918,5.3792,3.5715,2.0519,1.9918,1.9844,0.78385,1.9809,1.9935,0.043558,5.1162,5.857,22.94,1.9918,2.0226,1.9918,1.9918,1.9918,1.9918,1.9918,0.31567
0.63432,1.9918,1.6508,1.1184,4.4078,2.8924,3.8126,2.759,2.2195,1.9849,1.9918,3.7626,0.4669,2.4089,1.9728,1.9942,0.49144,2.1666,0.56211,0.25386,1.7423,4.1982,5.9479,5.9113,3.6546,2.2101,1.934,1.9918,5.6766,3.8204,2.0521,1.9918,1.9877,0.66921,1.9776,1.9935,0.041463,5.3159,6.1617,26.223,1.9918,2.0226,1.9918,1.9918,1.9918,1.9918,1.9918,0.25075
0.5214,1.9918,1.6383,1.1054,4.6498,2.9925,3.9233,2.8666,2.2685,1.9829,1.9918,4.0216,0.33872,2.4234,1.9672,1.9942,0.39636,2.1937,0.46408,0.2327,1.7351,4.5743,6.2295,6.1997,4.0048,2.2754,1.9171,1.9918,5.9291,4.0871,2.0394,1.9918,1.9611,0.56539,1.9734,1.9936,0.039933,5.4819,6.4191,27.62,1.9918,2.0226,1.9918,1.9918,1.9918,1.9918,1.9918,0.19918
