63.622,78.334,28.747,33.975,106.16,103.68,121.39,86.775,79.746,78.304,78.334,87.933,82.999,59.692,78.358,78.104,82.142,77.906,85.678,106.4,92.182,74.641,67.407,65.989,76.263,78.117,78.391,78.334,68.671,67.12,78.478,78.334,78.647,108.14,78.351,78.237,222.44,65.051,65.05,65.587,78.334,78.334,78.334,78.334,78.334,78.334,783.34,78.334
64.153,78.334,32.59,36.99,104.82,102.69,119.63,86.479,79.703,78.305,78.334,87.621,82.855,61.976,78.357,78.154,82.022,77.919,85.348,104.55,91.26,74.718,67.603,66.034,76.321,78.123,78.39,78.334,68.83,67.728,78.474,78.334,78.641,102.56,78.351,78.252,209.34,65.104,65.104,65.617,78.334,78.334,78.334,78.334,78.334,78.334,622.23,78.334
64.791,78.334,36.882,40.406,103.32,101.46,117.45,86.112,79.65,78.306,78.334,87.231,82.672,64.256,78.357,78.195,81.882,77.936,84.934,102.43,90.189,74.821,67.834,66.16,76.398,78.131,78.388,78.334,69.047,68.457,78.469,78.334,78.633,97.818,78.35,78.265,193.98,65.157,65.157,65.657,78.334,78.334,78.334,78.334,78.334,78.334,494.25,78.334
65.597,78.334,41.606,44.267,101.5,99.987,114.8,85.661,79.582,78.307,78.334,86.746,82.449,66.499,78.355,78.228,81.706,77.957,84.454,99.948,88.972,74.954,68.138,66.357,76.494,78.141,78.385,78.334,69.321,69.302,78.462,78.334,78.618,93.92,78.349,78.278,177.48,65.236,65.238,65.715,78.334,78.334,78.334,78.334,78.334,78.334,392.6,78.334
66.574,78.334,46.658,48.555,99.366,98.191,111.61,85.103,79.498,78.309,78.334,86.135,82.171,68.686,78.354,78.254,81.484,77.984,83.871,97.221,87.596,75.132,68.591,66.691,76.616,78.153,78.382,78.334,69.743,70.249,78.454,78.334,78.596,90.741,78.348,78.29,160.59,65.373,65.394,65.802,78.334,78.334,78.334,78.334,78.334,78.334,311.85,78.334
67.769,78.334,51.985,53.207,96.901,96.021,107.8,84.422,79.393,78.311,78.334,85.39,81.822,70.728,78.352,78.276,81.206,78.017,83.203,94.225,86.089,75.367,69.243,67.343,76.767,78.169,78.377,78.334,70.318,71.314,78.444,78.334,78.562,88.084,78.347,78.3,143.85,65.635,65.743,65.941,78.334,78.334,78.334,78.334,78.334,78.334,247.71,78.334
69.22,78.334,57.449,58.137,94.043,93.451,103.31,83.593,79.262,78.314,78.334,84.465,81.383,72.632,78.35,78.293,80.857,78.057,82.426,91.058,84.487,75.682,70.207,68.416,76.958,78.189,78.372,78.334,71.146,72.501,78.432,78.334,78.514,85.776,78.345,78.309,127.9,66.334,66.637,66.192,78.334,78.334,78.334,78.334,78.334,78.334,196.77,78.334
70.966,78.334,62.944,63.238,90.764,90.417,98.086,82.594,79.098,78.317,78.334,83.335,80.843,74.352,78.347,78.307,80.415,78.107,81.542,87.78,82.842,76.1,71.54,70.074,77.195,78.214,78.366,78.334,72.323,73.798,78.415,78.334,78.451,83.704,78.343,78.317,113.17,67.87,68.334,66.736,78.334,78.334,78.334,78.334,78.334,78.334,156.3,78.334
73.039,78.334,68.327,68.392,87.062,86.889,92.153,81.4,78.895,78.321,78.334,81.962,80.172,75.875,78.344,78.318,79.869,78.168,80.558,84.497,81.215,76.658,73.331,72.311,77.494,78.245,78.357,78.334,73.881,75.203,78.395,78.334,78.379,81.792,78.341,78.323,99.532,70.563,70.983,68.118,78.334,78.334,78.334,78.334,78.334,78.334,124.15,78.334
75.489,78.334,73.491,73.46,82.915,82.861,85.533,79.986,78.644,78.327,78.334,80.308,79.346,77.201,78.339,78.327,79.185,78.243,79.484,81.314,79.691,77.386,75.612,75.09,77.867,78.284,78.347,78.334,75.898,76.716,78.368,78.334,78.324,80.009,78.338,78.329,87.868,74.22,74.39,71.626,78.334,78.334,78.334,78.334,78.334,78.334,98.616,78.334
78.334,78.334,78.334,78.334,78.334,78.334,78.334,78.334,78.334,78.334,78.334,78.334,78.334,78.334,78.334,78.334,78.334,78.334,78.334,78.334,78.334,78.334,78.334,78.334,78.334,78.334,78.334,78.334,78.334,78.334,78.334,78.334,78.334,78.334,78.334,78.334,78.334,78.334,78.334,78.334,78.334,78.334,78.334,78.334,78.334,78.334,78.334,78.334
81.603,78.334,82.775,82.915,73.355,73.339,70.717,76.424,77.953,78.342,78.334,76.003,77.1,79.291,78.327,78.339,77.28,78.442,77.128,75.665,77.201,79.538,81.415,81.896,78.912,78.396,78.317,78.334,81.119,80.054,78.289,78.334,78.457,76.76,78.328,78.337,71.384,82.48,82.596,88.065,78.334,78.333,78.334,78.334,78.334,78.334,62.223,78.334
85.311,78.334,86.764,87.127,68.032,67.947,62.882,74.255,77.488,78.353,78.334,73.297,75.616,80.09,78.318,78.344,75.983,78.571,75.891,73.403,76.321,81.035,84.756,85.643,79.63,78.474,78.296,78.334,84.148,81.879,78.231,78.334,78.632,75.287,78.322,78.34,67.375,86.388,86.971,100.48,78.334,78.329,78.334,78.334,78.334,78.334,49.425,78.334
89.461,78.334,90.292,90.931,62.426,62.255,55.077,71.824,76.925,78.367,78.334,70.201,73.847,80.752,78.306,78.347,74.389,78.722,74.651,71.585,75.681,82.843,88.257,89.446,80.514,78.572,78.27,78.334,87.337,83.817,78.155,78.334,78.57,73.919,78.314,78.343,65.81,89.939,91.277,115.31,78.334,78.377,78.334,78.334,78.334,78.334,39.26,78.334
94.039,78.334,93.359,94.308,56.659,56.372,47.539,69.137,76.25,78.384,78.334,66.735,71.786,81.298,78.292,78.35,72.472,78.896,73.442,70.197,75.246,84.969,91.806,93.17,81.597,78.696,78.237,78.334,90.562,85.876,78.053,78.334,78.32,72.654,78.304,78.345,65.371,93.062,95.347,131.9,78.334,78.529,78.334,78.334,78.334,78.334,31.185,78.334
99.032,78.334,95.974,97.27,50.833,50.447,40.472,66.223,75.444,78.406,78.334,62.912,69.398,81.738,78.275,78.352,70.187,79.095,72.257,69.19,74.964,87.388,95.29,96.711,82.912,78.851,78.195,78.334,93.714,88.078,77.914,78.334,78.583,71.493,78.291,78.347,65.212,95.744,99.101,149.16,78.334,78.566,78.334,78.334,78.334,78.334,24.771,78.334
104.43,78.334,98.185,99.831,45.065,44.621,34.059,63.111,74.494,78.433,78.334,58.81,66.716,82.097,78.252,78.354,67.502,79.315,71.148,68.485,74.783,90.054,98.63,99.991,84.491,79.047,78.143,78.334,96.708,90.452,77.721,78.334,78.398,70.454,78.275,78.348,65.132,98.047,102.44,166.04,78.334,78.569,78.334,78.334,78.334,78.334,19.677,78.334
110.23,78.334,100.03,102.01,39.486,39.005,28.373,59.84,73.387,78.468,78.334,54.494,63.771,82.386,78.224,78.355,64.356,79.555,70.122,67.975,74.671,92.886,101.72,102.95,86.36,79.292,78.076,78.334,99.493,93.043,77.446,78.334,78.643,69.523,78.255,78.349,65.08,99.981,105.37,180.64,78.334,78.569,78.334,78.334,78.334,78.334,15.63,78.334
116.44,78.334,101.56,103.89,34.209,33.719,23.436,56.453,72.115,78.511,78.334,50.06,60.562,82.619,78.189,78.357,60.834,79.81,69.176,67.625,74.6,95.789,104.53,105.57,88.543,79.6,77.993,78.334,101.98,95.93,77.038,78.334,78.439,68.706,78.23,78.35,65.051,101.61,107.89,191.07,78.334,78.569,78.334,78.334,78.334,78.334,12.415,78.334
123.09,78.334,102.84,105.49,29.308,28.856,19.227,52.998,70.662,78.567,78.334,45.598,57.206,82.812,78.144,78.357,56.786,80.075,68.355,67.368,74.548,98.662,107.01,107.84,91.021,79.987,77.889,78.334,104.19,99.206,76.4,78.334,78.405,67.989,78.198,78.351,65.02,102.97,109.99,192.52,78.334,78.569,78.334,78.334,78.334,78.334,9.8616,78.334
130.26,78.334,103.89,106.88,24.881,24.447,15.689,49.519,69.043,78.637,78.334,41.264,53.671,82.962,78.088,78.358,52.148,80.344,67.632,67.177,74.511,101.46,109.18,109.77,93.771,80.471,77.758,78.334,106.11,103.02,75.328,78.334,78.613,67.383,78.159,78.351,65,104.11,111.74,178.9,78.334,78.569,78.334,78.334,78.334,78.334,7.8334,78.334
